2000, -0.0825
4000, -0.053
6000, -0.017
8000, -0.064
10000, 0.0
12000, -0.056
14000, 0.015
16000, -0.03
18000, -0.034
20000, -0.061
22000, -0.084
24000, -0.065
26000, -0.011
28000, -0.037
30000, -0.079
32000, -0.032
34000, -0.093
36000, -0.045
39883, -0.0245
41883, -0.064
43883, -0.051
45883, 0.005
47883, -0.028
49883, -0.014
51883, -0.067
53883, -0.045
55883, -0.031
57883, -0.018
59883, -0.045
61883, -0.013
63883, -0.03
65883, -0.022
67883, -0.04
69883, -0.03
71883, -0.075
73883, -0.05
75883, -0.031
77883, -0.02
79883, -0.034
81883, -0.079
83883, -0.099
85883, -0.043
87883, -0.063
89883, -0.001
91883, -0.031
93883, -0.046
95883, -0.08
97883, -0.091
99883, -0.108
101883, -0.069
103883, -0.088
105883, -0.105
107883, -0.062
109883, -0.098
111883, -0.103
113883, -0.046
115883, -0.052
117883, -0.054
119883, -0.041
121883, -0.037
123883, -0.095
125883, -0.053
127883, -0.077
129883, -0.01
131883, -0.046
133883, -0.063
135883, -0.003
137883, -0.043
139883, -0.013
141883, -0.074
143883, -0.04
145883, -0.097
147883, -0.024
149883, -0.01
151883, -0.013
153883, -0.021
155883, 0.001
157883, -0.052
159883, -0.042
161883, -0.076
163883, -0.078
165883, -0.018
167883, -0.038
169883, -0.062
171883, -0.106
173883, -0.042
175883, -0.09
177883, -0.097
179883, -0.092
181883, -0.141
183883, -0.138
185883, -0.061
187883, -0.113
189883, -0.074
191883, -0.024
193883, -0.081
195883, -0.075
197883, -0.013
199883, -0.062
201883, -0.05
203883, -0.044
205883, -0.093
207883, -0.092
209883, -0.023
211883, -0.06
213883, -0.087
215883, -0.077
217883, -0.063
219883, -0.087
